6.749612216972260548e-01 -6.634594974905831943e-01 4.075649462717183980e+00 -3.253135239310618321e+00 5.386839437063373204e+00 -3.087198208702653934e-01 6.083783798350492766e+00 -5.705088830433255875e-01 1.230664687944815983e+00 5.003249770586140066e+00
1.546653408673296815e+00 1.148023627958970616e+00 3.764263885622312511e+00 1.025963853506153267e+00 5.021050589696650412e+00 -3.492839319935214792e-01 3.929952586224444211e+00 1.271583423851789796e+00 6.071586004416671400e+00 3.385758423278341755e+00
-1.311053764411012734e+00 -3.338387224464499869e+00 -4.955334565666503543e+00 -4.105648441538543025e+00 -1.067500346445894532e+00 -3.227625513998367168e+00 -2.073685155247428025e+00 -3.171677615150143570e+00 -4.728781518004320006e+00 -1.626380244542647180e+00
-3.289170006531163537e-01 -2.910239947149656725e+00 -3.983351502458521320e+00 -4.547443362360654717e+00 2.969983117260237560e+00 -3.445191554850198568e+00 4.529434764960729609e+00 -3.649246930386293108e+00 -2.119764544080382063e+00 1.680853086765689675e+00
-1.791808911002913174e+00 1.991689330748512621e+00 1.489628689837198205e+00 4.076112549153108944e+00 -5.657124159520299678e+00 8.848265143547318079e-01 -3.128089913297056768e+00 2.521659289153830752e+00 -2.764141362998235318e-01 -3.421225500646165152e+00
7.078641289683873516e-02 2.382112590893487258e+00 3.995170414220178046e+00 5.835313028559288018e-01 4.867858992621075132e+00 6.800031264184736024e-01 3.989365664578783388e+00 -9.872578236870900303e-01 5.512120567734729804e+00 4.490070690547890209e+00
1.039310588808186164e+00 -3.194836779408591898e-01 1.422982670522674908e+00 5.144263608125258180e+00 -6.100176379708523555e+00 2.811305529532116765e+00 -2.795844624343864382e+00 1.176757647420752395e+00 1.433659448258494784e+00 -4.514271547135993323e+00
1.166747048944976495e+00 3.224566692738725315e+00 2.808672788915573371e+00 1.003352767013155677e+00 5.959521817141837374e+00 5.079256682329489347e-01 3.776715322463251923e+00 2.422875196890951877e+00 3.273991602455220917e+00 3.714360192511912739e+00
-1.481690746489030319e+00 -2.970731617917272693e+00 -4.758791553940980634e+00 -4.832945165359964435e+00 1.292942318755930575e+00 -3.508798133016122645e+00 -1.082787463827991958e+00 -3.368460852732616306e+00 -4.688768233366611859e+00 1.899140986348927029e+00
-2.335415682908949186e+00 -1.335200906012939726e+00 -2.398818593848538683e+00 2.087195418972093819e+00 -4.299252745554845490e+00 1.548179300309558970e+00 -5.006576419436247427e+00 9.112993564846143535e-01 -2.917494732730203211e+00 -2.976340209903066025e+00
-1.610262562854281043e-02 -4.341445060984025162e+00 -5.014069584624749609e+00 -4.845053407865831829e+00 1.297208235351867689e-01 -3.157287760429251300e+00 -1.983916893242778645e+00 -2.807606768950470233e+00 -4.274179928578272225e+00 -2.312218060922935692e+00
-5.409518494872400662e-01 1.172798613808647694e+00 1.215066182278636386e+00 -3.344930199325386155e+00 4.533780376581331595e+00 -9.764485639318758459e-01 5.324779536248431810e+00 -1.533302603143135823e+00 2.326261776919081203e+00 4.298879002737752586e+00
2.818361804269752469e+00 8.253142088160770884e-01 3.419904960187754028e-01 -6.416001815905258532e+00 7.882642627964118631e+00 4.856087565289641805e-01 5.876679038155534940e+00 -3.468858752583738436e+00 4.754302644007654677e-01 4.035322464882533211e+00
7.412454293604103794e-01 -2.444035161288732327e-01 -2.391561920263970187e+00 -5.270937918749349471e+00 6.041491714449288786e+00 -1.680484763617146937e+00 4.155491426231843199e+00 -8.375599762638157308e-01 8.808816095619430575e-01 3.461254715121267367e+00
-1.103934083308465430e+00 -3.442742949111148310e+00 -5.222202767703664428e+00 -4.927068042451060670e+00 -3.226758804050470886e+00 -1.296780289802156538e+00 -3.386546665606004147e+00 -1.019562445543451989e+00 -3.111677879526795643e+00 -1.881968915736950798e+00
1.586991880751428940e+00 -6.232928944765903090e-02 -1.858268810136837201e+00 -6.747083351741331114e+00 6.450815291216366987e+00 -1.404602907171452753e+00 2.270146874986100016e+00 -3.380772667505146600e+00 -1.331328649013806764e+00 3.539947041202164968e+00
-2.095661796322255466e+00 -4.735681783854948534e+00 -4.888677489361815454e+00 -1.467429399654538003e+00 -5.283436246288028215e+00 -1.980959659383709770e+00 -5.119094824523850562e+00 -2.056375767855239900e+00 -5.278695622700097623e+00 -2.122569547957462888e+00
-1.073244434242520029e+00 8.793223452463556633e-01 1.745115748124344002e+00 6.675993445819238481e+00 -4.808350710623499502e+00 4.147207738890678286e+00 -3.300707304768975003e+00 4.051779044244377737e+00 3.317094264141172033e+00 -4.121315383718845204e+00
8.116521267880176804e-01 2.258840227838672554e+00 4.778480595047831514e+00 7.327981893014993142e-01 5.385958083687343745e+00 2.306942790765580842e+00 4.973556444752231798e+00 3.102892477679595196e+00 3.859471932053471832e+00 4.189694645020048291e+00
9.116020393678487821e-01 -2.156974345618349442e+00 -3.624692389303441509e+00 -3.098444836089008891e+00 -3.668580658323913113e+00 -1.662223472071800767e+00 -2.871780857054952563e+00 -1.333129118663843204e+00 -3.259035116432428936e+00 -1.204573863111798371e+00
-1.611264406976760766e+00 -2.665959910031502567e+00 -6.397391823161420632e+00 -4.887445036496264272e+00 -2.600264994668139984e+00 -4.550931677683529131e+00 -5.577007887298671029e+00 -3.033055482519284141e+00 -5.122943451027227368e+00 -2.497963068651686047e+00
-7.333548177569495508e-01 1.663599713991722462e+00 1.677587190492637825e+00 4.602468012420016130e+00 -7.216597319784679776e+00 3.661741459608836013e-01 -3.957412900980672887e+00 1.545033963995938064e+00 5.244467528987009075e-01 -7.167335822359168773e-01
1.573062678741903309e-01 1.994826323655164213e+00 4.586692916905727557e+00 4.769303490162682735e+00 -3.188125110002588691e+00 4.439455746547584347e+00 2.274450560669695753e-01 3.876213225181983635e+00 4.105094038178354054e+00 -1.219191746344060023e+00
-2.419821924620705111e+00 1.149242280276485451e+00 -7.471860941661829791e-01 2.967146439074589637e+00 -7.167974696286065317e+00 3.641010776933923054e+00 -5.321251769607853177e+00 6.293865346497689028e-01 -8.129683946680743567e-02 -3.501416001499337405e+00
-6.777879282534808869e-01 3.398078196066779633e+00 4.513288707332249849e+00 6.521456389933531383e+00 -4.381510257575514378e-01 2.774011092403078749e+00 -8.416124242045907033e-01 2.942639582580335755e+00 4.959876059646439295e+00 -8.860565709754986141e-01
-2.634199125695995569e+00 -2.592835270815438964e+00 -4.477137048281984555e+00 1.138056264373407345e+00 -5.581777088069815207e+00 3.418063707737041268e-01 -5.590970162001023702e+00 -3.493426330997059237e-01 -2.570186710292528431e+00 -2.842269945983336488e+00
1.863898177648666277e+00 2.442512496491728413e+00 2.601960106964456010e+00 4.395085090673726214e+00 -5.209289576838854963e+00 2.641886395333277182e+00 -1.622308210606323353e+00 3.168086698151764136e+00 1.781612196670327553e+00 -5.992013657237316160e-01
7.250590522765676393e-01 -1.849127582811674442e+00 -4.519337902877247792e+00 -4.219973433118362038e+00 -5.275010200616729872e-01 -1.175178543166241374e+00 -3.959373499078482350e-01 -3.752569497484010252e+00 -4.191917573201768832e+00 4.475032709767425843e-01
-3.908622043184225570e-01 -1.536152823545934076e+00 -5.145794308715055720e+00 -2.134227681999787851e+00 -5.382770526150755686e+00 -1.695858250931844502e+00 -4.311576157263952602e+00 -1.985618120256494645e+00 -3.928773826216695131e+00 -1.934884923014464908e+00
8.496419959179236925e-02 -2.373854420281244160e+00 -3.504862186873705987e+00 -6.275723596359026324e+00 2.312310595376701805e+00 -3.354676159035757887e+00 6.760644282346441880e-01 -5.390054638845080071e+00 -1.773848597539666061e+00 3.304944043791872232e+00
1.553102753949639481e-01 -2.646046094944307203e+00 -2.937580057191864213e+00 -7.236068276604450844e+00 2.022234246099662069e+00 -3.042662639127125868e+00 6.470901202811012443e-01 -2.256157337424405274e+00 -2.958427479062365251e+00 -2.322312427415507141e-02
-2.087740692899441974e+00 -1.947493294159891253e+00 -2.278230995700595063e+00 2.032067820713183703e+00 -6.964776553779186585e+00 1.669398169082796923e-01 -4.749927414697094896e+00 -4.966488905723182579e-01 -4.913964662874074740e+00 -3.014276046659761565e+00
-7.685111101254278321e-01 -3.189837524779040479e+00 -6.039435637367076559e+00 -3.778128612291940858e+00 -1.535432177435515078e+00 -1.224228882032103449e-01 -3.085807996228969063e+00 -2.716279197550006685e+00 -6.541912898456471837e+00 5.803500870087408003e-03
-2.110782269314120718e+00 -3.805894183012186183e-01 1.125337012422554572e+00 6.518728235978779040e+00 -4.516595602632873074e+00 1.757351289799763627e+00 -3.933474876421675148e+00 4.115193045702920216e+00 1.241069042334270067e+00 -4.173890733430706490e+00
-9.599482915231398739e-01 -1.610699523635936048e+00 -1.504312553559422616e+00 -5.280249151973543498e+00 6.494896789505588686e+00 -1.728382026508217706e+00 3.955635687985078253e+00 -2.675214082153845485e+00 3.564197789221741353e-01 4.468645896624453329e+00
-9.414637062519961574e-01 -5.048135056201909165e+00 -6.339213615655563849e+00 -5.637410974056257018e+00 -2.655482109416750891e+00 -2.896334218447690567e+00 -1.315129785409333785e+00 -2.744330770492068083e+00 -6.710853797498081974e+00 -2.361673025196026288e+00
-2.073705766990037169e+00 -3.572582902368394375e+00 -5.289649021210835578e+00 -1.615701751608364489e+00 -4.583473490131805050e+00 -7.453100644194796676e-01 -4.406730995257913008e+00 -1.289817063243461792e+00 -3.259678478345365171e+00 -1.039982815092936441e+00
-3.324869759237562561e-01 -2.426673027627224144e+00 -3.877529896482695193e+00 -4.729610809624471557e+00 1.410936119047922377e+00 -3.586480297419218921e+00 -1.334231188953271863e+00 -4.981068531197966109e+00 -3.419397523829285745e+00 1.052768214128855462e+00
6.140740497308170287e-01 2.628010602482390379e+00 5.552053330623969885e+00 6.283867538077043235e+00 -2.560060445735270473e+00 3.245602191018092331e+00 -1.963691886460351144e-01 3.539150954886178368e+00 3.738712378989996310e+00 -1.506259075463668440e+00
-3.020267370078236091e+00 -1.057358044559726373e-01 -3.492297192016737384e+00 1.688001518221321051e+00 -6.800586600395006620e+00 1.873727684659108439e+00 -4.403804317845644078e+00 1.016507860407201425e-01 -1.534319899192758907e+00 -3.273484822561206542e+00
-2.840915655150448860e-01 -2.350755855330358912e+00 -1.563685049383777503e+00 7.933564414617926275e-01 -4.691303070914965012e+00 4.137399653342910266e-01 -4.661400952474226145e+00 -5.029067618147278762e-02 -4.330727808395874234e+00 -5.484717770625845645e+00
1.174464735665900372e+00 1.265238965000290206e+00 2.405855130924889895e+00 -3.834468334674877799e+00 6.572945187556969771e+00 -1.486338158510786212e+00 4.890432302576877888e+00 -1.634240122250984584e+00 2.919979959846054296e+00 4.946389708829806331e+00
-1.970039678899291324e-01 -1.897473376392217359e+00 -2.880329712238543394e+00 5.183489512243903974e-01 -3.889917617473279243e+00 -2.411072474082158301e+00 -2.215574683545920909e+00 -9.762327990795727217e-01 -5.855551320751669842e+00 -4.077387882145015574e+00
-1.534559193121227683e-01 2.120796708592219471e+00 3.248227151002039736e+00 6.769309075743461968e+00 -6.164554083374834903e+00 3.623892335316529767e+00 -2.973172765391816075e+00 6.568843629244196514e-01 1.281690615218707530e+00 -1.195445697423179965e+00
5.226698690971383066e-01 3.255217338408671335e+00 5.580473490035414486e+00 3.720715712567682854e+00 2.479713179583562521e-01 3.190774012209677046e+00 2.493923988243069267e+00 3.530493904862534560e+00 3.105715667119861578e+00 -2.443074730893661783e-01
1.523964212995728040e+00 -1.381904277436394324e-01 -2.664601449837367131e-01 -4.731445932099934026e+00 4.558469278180185214e+00 -4.179482302878303912e+00 4.427888197432043427e+00 -1.602577806867770072e+00 -1.672622925790599568e+00 3.162529437323297277e+00
9.375828375119613645e-01 -7.634391871795845885e-01 -1.679582687303105892e+00 -5.129990361806491705e+00 4.544063334161823065e+00 -1.343362830778274342e+00 4.748039419963658858e+00 -3.219587774068273678e+00 -3.158008818221402780e-01 3.877924655724417136e+00
1.303263345193057532e+00 -2.340348345584239986e-01 -1.552354486594516247e+00 -6.587260762037772999e+00 4.552906011272854769e+00 -2.659682065320798205e+00 3.593425320747287710e+00 -3.420055521943240251e+00 -1.846955155381810654e+00 2.088973448358246721e+00
3.576840198397025494e-01 2.857231063799160253e+00 2.495509520041090390e+00 5.967529161633938095e+00 -2.929452273919293859e+00 3.594302570012302134e+00 -1.870829924220607898e+00 3.594968477220756853e+00 1.718726871946563595e+00 -5.591934432472003280e-01
-2.391954480053524457e-01 3.425455231501588926e+00 2.783823581526272406e+00 6.908401884689165939e+00 -4.698564114717634688e+00 2.819966573494466555e+00 9.306064438634200631e-01 4.267398125570402989e+00 3.425593804477002902e+00 -1.946493626789286280e-01
2.126213341966109449e-01 1.631849342177906115e+00 5.672123407274687779e+00 5.130620008224054729e+00 4.048582643923040791e+00 -5.992361679449453860e-02 1.092852401559302855e+00 2.042507378362474313e+00 2.921194646080385926e+00 -1.428976072284589005e-01
1.753241389920908055e+00 1.424771798506902609e+00 4.688830162387648492e+00 6.292905703382978722e+00 1.466502826569358042e-01 3.198616399301713376e+00 9.255613756719960339e-01 4.185438216821683710e+00 4.613961626778611880e+00 1.485169998036110162e+00
-6.897340721063680569e-01 -2.137647923373361625e+00 -4.744813775314460358e+00 -3.789321778762402282e-01 -4.313741716616044108e+00 -7.537445568539304919e-01 -4.199926265225943922e+00 -2.193032216920063338e-01 -3.835679657374399643e+00 -2.937890973117232463e+00
-4.006172472985791710e-01 -4.085993076078949571e+00 -3.576325907486138878e+00 -3.608915617361684092e+00 1.668397102711893787e-02 -2.986418896181679550e+00 -2.351078253662005846e+00 -1.992873219027921916e+00 -6.445233080767376777e+00 -2.772520891191991299e-01
-1.384260448871633020e+00 -1.449138041877422456e+00 -4.096493165021142246e+00 -3.867557381431855124e+00 -8.251118597965330093e-01 -1.913542292855498372e+00 -2.722345103614798312e-02 -2.851408027755592212e+00 -4.132861257943142519e+00 6.044883229356383669e-01
-8.641288709368278864e-01 -3.235069717424002622e+00 -5.537362857755770307e+00 -2.968817348459431127e+00 -1.271610728603302265e+00 -2.415217666802071506e+00 -3.844545898376790838e+00 -1.174359276732516832e+00 -4.443559291554994850e+00 -6.929921048282838836e-01
-1.734607805298782779e+00 -3.262761515201969331e+00 -5.170275730464978459e+00 -3.756104725741084227e+00 -5.466311151895919096e+00 -2.636345386979269012e+00 -1.225481653924781256e+00 -2.078754089122138105e+00 -3.386617742451956126e+00 -3.756753079465635192e+00
9.233498108787245862e-01 1.368089779367953174e+00 3.952680384825416837e+00 6.094404055732309367e+00 -2.384637449474773074e+00 4.048595334944672608e+00 -1.269873761008534885e+00 2.762107735931020436e+00 2.773822941651485685e+00 -2.038360595814710852e+00
-1.108146624345847986e+00 8.493140148035801529e-01 -1.613417417538804965e-01 3.271940126740819466e+00 -6.992457876933338312e+00 1.295228740089010788e+00 -4.590593908319092975e+00 6.929696915982028749e-01 -1.438719374410532215e+00 -5.589297585580936811e+00
1.355663093834972743e+00 2.870650556160318612e+00 4.311344478820386961e+00 1.898385942937068194e+00 5.730462686312555398e+00 -1.053904041087327936e-01 6.267690718404237415e+00 2.621848262384279815e-01 4.769051224765343377e+00 2.516046640997140926e+00
-6.857324661261322563e-01 -7.249157424844459019e-01 -3.978043371304534226e+00 9.477708918077990541e-01 -5.245125317130495901e+00 -2.151468791044136797e+00 -4.879948791990603496e+00 -5.526897936848835791e-01 -1.867596045483771228e+00 -3.385471891779643805e+00
-5.288146472651098495e-01 2.187106009342718149e+00 3.531822309670986204e+00 4.973745343393097151e+00 -2.781996064704853389e+00 4.346948774635369439e+00 -2.675396857479114043e+00 4.570825540415149213e+00 2.245484220324535762e+00 -3.016513592594612270e+00
-8.584373478233439103e-01 3.220616481052155367e-01 -1.650439030421537723e+00 4.917751360543521244e+00 -5.195047807015979124e+00 -6.047825320231901003e-01 -4.686061072649244430e+00 1.591670439786116997e+00 -2.145393481515122325e+00 -2.993549256497224142e+00
1.928463691251403489e+00 -1.781006096778324777e+00 -3.341418789117612143e+00 -5.231993156802611900e+00 6.218040967747611170e+00 -2.339613770028484918e+00 3.000591558214678045e+00 -2.553272112782317915e+00 3.813874527598560826e-01 2.540775210458207312e+00
1.442015255449388411e-01 3.010535061795666323e+00 4.955822091913054450e+00 5.957309495754834927e+00 -3.492651760133765215e+00 4.368016385084891873e+00 -2.084591079621553877e+00 3.766119281772883021e+00 3.988807255571729549e+00 -5.590112794400567964e-01
-1.708202515285920597e+00 -7.938350716917640382e-01 -1.101253266634628858e+00 1.455624066104481251e+00 -6.504241792075976747e+00 -1.120119400567880508e+00 -5.409271536323024598e+00 -1.291878176889388552e+00 -2.056716942202609033e+00 -3.279172966248260934e+00
2.206680144535783317e+00 -7.897300076154489812e-02 -6.817546886624472613e-01 -6.240756223675259839e+00 5.477778464410309134e+00 -2.249105203965764410e+00 4.297845544944674856e+00 -8.911130048643955970e-01 1.599257836949179223e+00 3.251305292005285175e+00
-5.463720005889114439e-01 3.023242608295104716e+00 5.397400757013770090e+00 5.646097552798624797e+00 -2.241050242926189817e+00 3.812432196282756536e+00 1.171343583828861501e+00 3.681705255644499797e+00 4.230461353401327784e+00 -2.487417356711736915e-01
-2.888778422957037684e+00 -2.495366917971885368e+00 -8.628117953251697170e-01 8.677964597534205682e-01 -6.965899167784259660e+00 5.897239965690818098e-01 -4.872552045810322419e+00 8.394059867616955328e-01 -3.608411768724012703e+00 -3.727438128670121475e+00
-5.724074151977545100e-01 -6.757021935883178454e-03 -2.559670307918092469e+00 3.192136633089106112e+00 -8.147147568673734241e+00 1.005180042385565464e+00 -3.204701667921761477e+00 1.064215968342722585e+00 -1.779727921417880276e+00 -3.520233500049825714e+00
8.978812067173553846e-01 -8.446290222501211531e-01 -1.986531125580116353e+00 -4.832480438576909343e+00 6.448989250549463037e+00 -4.185512702899774062e+00 3.147643856951847674e+00 -2.466128310221256115e+00 1.236608356529590891e+00 4.531737061126674071e+00
-1.554976464440058548e+00 -9.014784634583842271e-01 -8.993584415854671832e-01 3.007405862865061508e+00 -7.820795346271337323e+00 2.258123180429806975e+00 -4.342074859882681714e+00 9.067287030221994337e-01 -2.873616615111799000e+00 -3.987394874624150098e+00
-2.284853239485644671e+00 -1.367046810155772230e+00 -2.672516391988079221e+00 7.877490232569051010e-01 -5.057330793589216000e+00 -1.958484093995543351e-01 -3.368986950100012923e+00 6.125845182517791754e-01 -2.962576933866165163e+00 -3.572470298556894353e+00
4.471905221936026131e-01 1.813961277800346661e+00 3.623179664818080070e+00 3.138543211465194549e+00 -8.080284157821071567e-01 3.550179759382397826e+00 3.781575218296505003e+00 3.196069633263361354e+00 3.913311242268877166e+00 3.282517139749530077e-03
2.999995229627458460e-01 -1.566959479504062447e+00 -6.526952490801065654e-01 -3.085950632389360848e+00 6.217902301518817509e+00 -2.572960951625140602e+00 2.362089551380557761e+00 -1.174958817187966131e+00 -5.648765348360959004e-01 2.542055767390679843e+00
-1.057732945045824380e+00 2.310451076416992322e+00 3.427926916505003252e+00 7.128863543426293248e+00 -6.311462017289414916e+00 2.114218988113266473e+00 -3.239062756631304385e+00 2.778998066196508798e+00 1.886033421716598601e-01 -2.449717778378275312e+00
8.087031277220202430e-02 1.256728695917852079e+00 1.321517978471655752e+00 4.700580864875578690e+00 -6.583265160206799749e+00 1.771610186081072458e+00 -3.495688120665329635e+00 2.059853306270903239e+00 -1.063512925730343284e-01 -3.283326399015298769e+00
2.305814454035364225e-01 1.087537719606265441e+00 9.487517831767000587e-01 -1.145362929065907975e+00 6.749794707640854874e+00 2.917924680697606132e-01 4.514009845759600736e+00 -7.754554001722651080e-01 2.708378858376385256e+00 3.915436941106573698e+00
4.364426709301727492e+00 3.060911295397282794e-01 2.364500926557145277e+00 -1.831013700543214773e+00 8.321049258373582447e+00 -3.248444394515225819e-01 4.814197887872031956e+00 -1.083676893373964889e-01 2.676412775532901467e+00 4.334500621127670428e+00
1.846056523646941727e+00 -3.068699261346494733e+00 -4.175781660706418208e+00 -6.571610494114415779e+00 4.896777126867750241e+00 -4.666991560919961479e+00 1.130567981608580075e+00 -1.302816320188011634e+00 -1.575606241994127465e+00 2.558874094266650800e+00
-1.443810793320962516e+00 -2.953487165800321890e+00 -1.974219848246054676e+00 1.484009115913797583e+00 -5.729378748306854341e+00 -9.781201326611225211e-01 -4.347336518006247097e+00 -1.598299556937885502e+00 -3.562704709412589654e+00 -4.047783537764596318e+00
3.540614815870368748e-01 -1.514104414723477232e+00 -3.817951886848962140e+00 1.199282817970948489e+00 -5.356412030173615335e+00 1.137016127640214369e-01 -4.815783157613369170e+00 1.178810016576296860e-01 -2.284270285926688793e+00 -4.645909499900274575e+00
-7.388787711403418390e-01 -1.866459773029725433e+00 -1.080312827353398841e+00 -6.985260618079160544e+00 7.933429857296976806e+00 -2.252446578319962089e+00 4.858434978258191705e+00 -2.283346677747428277e+00 -1.020768021171747364e-02 3.529432027711339792e+00
-3.896689821703826606e+00 -1.564965062680440111e-01 6.175260733627556675e-01 4.071697795829815725e+00 -6.429252480600340824e+00 1.160021741600911094e+00 -3.505044591788864405e+00 7.768360314929811938e-01 -4.575660715573387494e-01 -3.636377357158393941e+00
2.632975244362758538e-01 4.823096149527808407e+00 3.753871829479316524e+00 4.264879697254414737e+00 9.595599030404594609e-01 3.770922367529758290e+00 -1.787758924680171724e-02 2.877283066886538343e+00 3.253982496033826166e+00 -5.145652319729594470e-01
6.236574950075384205e-01 2.512765283128337579e+00 6.626728818394603593e+00 3.735149913568420299e+00 3.973302523597892044e+00 1.959968091750997843e+00 5.835938785888878932e+00 1.802576984019564676e+00 5.550777101022035254e+00 2.554233441701054375e+00
-9.975126837288579296e-01 -3.233267784274261203e+00 -3.533874571072145976e+00 1.544797053842937640e+00 -6.266814515919497453e+00 -1.122639895769535601e+00 -4.519690850210148270e+00 -5.693585362390971572e-01 -4.101226038940827934e+00 -3.492460691561115826e+00
-1.530834902434957012e+00 -2.116187621162019528e-01 -2.352652331336957836e+00 3.197946443124259908e+00 -7.320183498558053614e+00 -4.135304671246475827e-02 -4.106972294224049413e+00 7.173855576216973118e-01 -1.446977828553226431e+00 -3.604032173744009526e+00
1.933331047627611321e+00 1.805961717314187087e+00 4.622476856683878088e-01 -4.711965419951441802e+00 6.533904771008974599e+00 -2.429092261428961397e+00 5.369010956132756363e+00 -1.527083634674002877e+00 -4.255445129506640889e-01 6.214892349091400092e+00
-8.840987937670827801e-01 -2.827486422460219195e+00 -4.935594931037391220e+00 -4.818743070034020803e+00 3.139668950525211777e+00 -3.726333160030378178e+00 9.938610280424930998e-02 -3.798506317774904328e+00 -4.543876639722363109e+00 2.402619708423696654e+00
1.157151546781689078e+00 -2.328129247743553787e+00 -3.819369948155342254e+00 -6.383704006171953438e+00 1.448114428220019789e+00 -4.073328709304445461e+00 -1.213571862612176533e+00 -3.086126123736956828e+00 -5.026227977324886353e+00 1.735401857083176846e+00
2.324162216231928646e+00 9.973311470541279533e-01 3.380772476487040379e+00 -2.121748678919103792e+00 5.940496923335983226e+00 -1.264867677459077244e+00 5.983297559015352540e+00 -2.283651385304121373e+00 1.883502570824631794e+00 3.619452190092526056e+00
5.378904236513564197e-01 2.041088929889183223e+00 4.553379156588978738e+00 1.987417713894851001e+00 4.730068737890053221e+00 1.597574730914824492e+00 4.230326609570488117e+00 7.064211349054007050e-01 3.816966064550422644e+00 4.166778689902679744e+00
-4.720241787064556327e-01 -3.248561027770343390e+00 -3.141146730694484912e+00 -5.042399908027219269e+00 -1.884380962509127233e+00 -2.503725158125115868e+00 -2.242115666153421394e+00 -2.896584759063892012e+00 -5.620496670663056804e+00 -1.349082141150964809e+00
1.223385360284551471e+00 1.513358946770655411e+00 2.626568389102052592e+00 -1.067990254010477980e+00 6.467073973280699661e+00 -9.153298295817003938e-01 4.784164738910259729e+00 7.411719040669395575e-01 3.216975733255309944e+00 2.035935207096926103e+00
-9.218639832571022819e-01 -1.199799500771648431e+00 -3.842058968113452266e+00 -8.538482713133309365e-02 -5.280874872430412204e+00 6.930875380615431069e-01 -4.733807904397171917e+00 -1.445504006951395581e+00 -3.567837013619480580e+00 -3.803070642764652565e+00
1.351465324351655228e+00 3.633204150340019201e+00 6.985851236521048335e+00 2.919010672114639160e+00 3.388411074511724852e+00 3.177000797891928130e+00 4.672360215366461844e+00 2.163257152538408778e+00 5.617585367820567832e+00 1.843294318968994316e+00
-3.117061667369224187e-01 -2.820613818984860188e+00 -3.962958704179992964e+00 -6.207226012463603837e+00 3.821863033350880734e+00 -2.099568004516007669e+00 -4.589951450518061637e-01 -1.193404075100394923e+00 -3.049188515351158202e+00 2.093525777707196056e+00
-2.142624045482212747e+00 -3.306123254882766371e+00 -4.330529653150696490e+00 -2.661448960913449291e+00 -2.997669409921386308e+00 -2.957843703837029992e+00 -3.479147467515681491e+00 -7.111384640406177571e-01 -5.161117101175790367e+00 -2.559485584294169946e+00
-3.944214955837762604e-01 7.963444734104319078e-01 -1.757632299058223158e+00 8.762702105785789009e-01 -3.441855236133373186e+00 8.046943283590060059e-01 -6.198045033060840758e+00 7.666564019736143987e-02 -3.203914730301252956e+00 -2.386173769889092355e+00
2.273171410139560145e+00 1.934209079874034121e+00 3.896389299952921714e+00 -3.277521543005809668e-02 5.019490100145300282e+00 1.849309571731461599e+00 4.632063502023929580e+00 2.208929192767200789e+00 4.111575011206412888e+00 2.390568400723687148e+00
1.606532216879820396e+00 -2.294115234661624037e+00 -5.002717492920484510e+00 -3.431146223953871921e+00 1.207647285585206731e+00 -4.252683115573534067e+00 -1.224163082974943917e+00 -4.360421527532860608e+00 -3.510998472917602253e+00 9.411422943219353021e-01
1.823104353849545722e+00 9.102606823777322775e-01 2.263466129353830070e+00 -3.394160331155852806e+00 7.558578086328655132e+00 -1.294562250678321869e+00 4.986218134284325920e+00 -8.025747342848883470e-01 1.023118280180106643e+00 2.299933972609349730e+00
7.697882664420452326e-01 3.907032748758228813e+00 6.611458662500046657e+00 4.103227475613649311e+00 2.120327060439697320e+00 1.879442808662147080e+00 3.957551815092892333e+00 8.232444495177719812e-01 5.930683109542095544e+00 1.138930910211743752e+00
-9.776005524771314015e-03 7.697238812989934953e-01 1.110086169042345361e+00 5.051424279672878548e+00 -3.103732209910250450e+00 3.163074273463163166e+00 -2.645859826933065762e-01 2.658087288453317321e+00 3.735746974668233467e+00 -3.751912389827066985e+00
1.200614438600279277e-01 -2.730612715415134506e+00 -4.157247205124161127e+00 -4.810669186465446501e+00 7.315509624856844084e-01 -3.057314601065926674e+00 -1.799680365749838362e-01 -3.138499922773320350e+00 -1.293316719561658834e+00 2.011066451676047251e+00
-1.028874203801755094e+00 -3.222845179895928336e+00 -4.836218176909326871e+00 -6.632036452727030351e+00 1.572327399077887655e+00 -2.192490886313920306e+00 8.207460618951631925e-01 -2.149034247618932358e+00 -2.727083703441193219e+00 1.339562612748567361e+00
1.413806677718407734e-01 -1.686259402310382516e+00 -4.941460716865270442e+00 -3.566849363114741323e+00 -6.341480007860631041e+00 -1.921077363252538417e+00 -2.451673493805877513e+00 -1.460495080257560918e+00 -4.478321288386553078e+00 -2.139159415985230961e+00
3.155267542328590857e-01 1.495193739729366644e+00 4.006638039089983394e+00 5.452375994094277978e+00 -5.305491341994409638e+00 1.773491941577658215e+00 -3.373988135704080182e-01 1.852787582236349317e+00 3.253590395388070711e+00 -3.111299638576144222e+00
9.474142588544065546e-03 -7.492230691776384788e-01 -2.914601433323482205e+00 1.575793472057112954e+00 -7.294116534908364535e+00 2.429683347301166418e-01 -4.554320331373850728e+00 4.550160236531415880e-01 -3.971357427913315696e+00 -3.291918536198467748e+00
2.326825067688670146e+00 2.671104926040925420e+00 3.806606554336804837e+00 1.693409474005621584e+00 6.240666719505819415e+00 1.567915099170633875e+00 3.296998977653068597e+00 4.799036086021439829e-01 3.415375436362692252e+00 4.029145401628467127e+00
1.309038247758933515e+00 3.510612083234082803e+00 5.527529645801600111e+00 3.426918243838008138e+00 4.176559719979384688e+00 -6.425093846633012085e-02 3.853482499026080532e+00 2.857556637987027415e+00 4.807146290164662439e+00 4.811455627954175363e+00
-9.138222230359762666e-01 -4.146217401919586543e+00 -4.946261463353393673e+00 -1.482815228327653001e+00 -3.480409839638510139e+00 -2.091981254617550690e+00 -3.807594835958020951e+00 -2.405828827689047156e+00 -7.030634101064158870e+00 -2.561725417036285535e+00
-3.680887803326294283e-01 -2.379350428487651659e+00 -4.299037044161208243e+00 -5.701953423756513928e+00 -8.589600653381305184e-01 -3.252526758728002676e+00 -5.186580554840509727e-01 -1.684314948481885121e+00 -5.560498446613522106e+00 -1.670419183675644348e+00
-7.768276752750813419e-01 1.414846854527614939e-01 9.946456963916057159e-01 5.142392702584408504e+00 -4.786132624544675807e+00 1.546266890827949103e+00 -3.519606769234316701e+00 3.086207311482818572e+00 4.130056774325111535e-01 -1.369136092494251500e+00
-1.204624049058291346e+00 6.741784864634914332e-01 7.341286123546223452e-01 5.784361375771042368e+00 -6.114423066188225064e+00 2.991600370440250956e+00 -4.882938129820030504e+00 3.398834401934254679e+00 -7.444739602949771440e-01 -2.953414707971729669e+00
-1.509924884278246449e+00 -2.490805887418545694e-02 -3.656170383302541627e+00 1.079008967751782233e+00 -6.779514807350929040e+00 2.124990647885402484e-01 -3.027673266194537138e+00 1.590035778116273280e+00 -2.384649209221655575e+00 -4.005110815476386144e+00
1.232012770039803140e+00 3.524397400615014497e+00 3.771255193726613442e+00 2.891601241226400276e+00 2.221042766326832840e-01 4.656399067818456139e+00 -1.276533974942289928e+00 2.123271003768249177e+00 4.429057110354323257e+00 1.653168120306400812e+00
2.134546110487502091e+00 9.525341045745709945e-01 1.034052761552134436e+00 -4.605281387355447009e+00 7.207599524526903778e+00 7.361928576157354964e-01 4.255359627384112109e+00 -3.575856846369853681e-01 1.488679815340929746e+00 3.283050725364028199e+00
-4.996707425379696144e-01 3.971017783256740152e+00 5.108709821696961306e+00 4.847323632297872109e+00 -5.113814880648829053e+00 4.806233423981642439e+00 -1.947388249407204341e+00 2.588028562841859781e+00 2.067531850327309240e+00 -2.063718871816533795e+00
1.065790293141547940e+00 2.099387301519905158e+00 3.191250535034111824e+00 -8.770263906500730400e-01 6.271800968118841801e+00 9.096448132289592925e-01 4.052509719636609553e+00 4.038722807722289199e-01 3.708900244370430421e+00 4.431675686509470857e+00
-1.982295702614351285e+00 -4.129325576182150570e+00 -5.036545303409120322e+00 -4.701652060161044311e+00 -4.685178891885694696e+00 -2.935623749694530105e+00 -1.512454232257441689e+00 -2.112714900502296267e+00 -5.828107853492172197e+00 -1.154133635986360318e+00
1.214982969948214198e+00 4.723193993883803010e-01 3.154908956853889723e+00 -5.979346488671803961e-01 5.706129779134077928e+00 1.570664201730193277e+00 3.755547998735122128e+00 3.401942119778346818e+00 3.742010134997930226e+00 2.959480026702625555e+00
1.639565868746503341e+00 1.833565168258058042e+00 2.964290657597846490e+00 7.762338110837498917e+00 -5.678430894735261525e+00 3.610947353550322703e+00 -3.405993286680959020e+00 2.927702668311158885e+00 4.694434113783114704e-01 -3.688282599845819298e+00
1.504660948157881872e+00 3.280406549830407137e+00 5.414087768721414839e+00 -1.573936781988937161e+00 6.665525079736756453e+00 7.115683222084536741e-01 7.290425367022921321e+00 1.489688533410660654e+00 3.555124759741410401e+00 2.362943392932131736e+00
3.893674756053043806e-01 -3.961467649522137258e+00 -5.147286815232979151e+00 -7.102369852487943724e+00 3.659635167563370928e+00 -2.884317987773941105e+00 8.935484293646258624e-01 -1.538862172746366053e+00 -2.867044487894665039e+00 4.652308857498737016e-01
-5.303402269228163490e-02 1.410310374902401520e+00 1.644623215237877911e+00 4.951446571296281185e+00 -5.925719236780649268e+00 1.971117204939961010e+00 -2.292682011857329893e+00 2.630970296272086451e+00 2.032907069048074167e+00 -2.617153023368523623e+00
-3.168527916318902626e+00 -1.583831433477644657e+00 -1.984123065293150967e+00 8.220521219307925787e-01 -7.925034298798871113e+00 -5.130421536266381866e-01 -4.544568632594328861e+00 1.500503944810693824e+00 -3.828711685228289863e+00 -2.456488229818379665e+00
4.982841849127906952e-01 8.159132365331678294e-01 5.389552727753746941e-01 -1.592305941247444290e+00 4.890334385829230968e+00 1.156787697090726486e+00 5.553863873270013407e+00 4.293863187513773383e-01 2.295121014802532944e+00 3.992715431933436143e+00
1.207612573216603202e+00 -7.836886446912407767e-01 3.570890805785237543e+00 -1.221898298070291267e+00 7.088323841982146156e+00 5.747650104222209455e-01 3.812100835202213656e+00 -6.765871799187312963e-01 3.604867074303427010e+00 4.905270020767652284e+00
8.479578397980276350e-01 1.303266417524185261e+00 4.969080833055381063e+00 4.587498708121334090e+00 -7.954124836747511473e-03 4.181538190091548479e+00 1.327164546665650757e+00 2.933607795631080428e+00 3.672871377165190410e+00 9.385157889951125654e-01
9.745688524748681303e-01 -8.990960803213302599e-01 -1.893955350627032352e+00 -6.275783912212089533e+00 4.742417093362307767e+00 -1.347516006009164435e+00 3.744839738459038614e+00 -2.433878357008881554e+00 -1.936569940966949011e-01 1.895028191542720508e+00
6.089064661231915476e-01 -1.064373865989541867e+00 -1.116589647406337260e+00 -3.790884156603464561e+00 5.674212675283326845e+00 -4.306956771770671377e-01 3.276134791959448567e+00 -2.152679717700352491e+00 4.740428993093260823e-01 2.267338337042898999e+00
6.482664126492756473e-01 -1.407763841772364133e+00 -3.851926892836799787e+00 -4.875786539293919475e+00 -1.142584889958412120e+00 -3.868278733465151831e+00 -2.444910538404033939e+00 -2.926796329550427789e+00 -4.231748550968744027e+00 -7.473538330114015693e-01
-1.835122829287392232e-01 -2.129888317566183353e+00 -3.995579872024775714e+00 1.360871360662404328e+00 -6.301603658407052500e+00 9.937778489774321544e-01 -4.071873943486903791e+00 -1.013316454955363044e-01 -1.880739942033762047e+00 -4.168935773115508781e+00
-7.723134454648061809e-02 -8.795735721608304303e-01 -3.129436473669080510e+00 -7.948928368877011152e+00 4.542162604578394713e+00 -3.686262663342847468e+00 1.229045148494136708e+00 -2.153595647284105574e+00 -2.952999588882380788e+00 1.469103000773595902e+00
2.434275045126277348e-02 1.051567857255292004e+00 6.232089002120750010e+00 1.995209163753038695e+00 5.079165147361988097e+00 2.464209741071827331e+00 4.629935813651148813e+00 1.266167336864923110e+00 3.207658969225638756e+00 3.277649769669269020e+00
-1.268329882622797999e+00 -3.383749199437277255e+00 -3.545447014593796631e+00 -2.437137216419420493e-01 -4.953376031418613934e+00 -1.199566153623163212e+00 -3.536385300137978138e+00 -4.367787503218578671e-01 -3.921006047880305267e+00 -5.723153260289315369e+00
2.810790260017007380e+00 2.216503513428170979e+00 4.949335685496031090e+00 4.929723135600226236e+00 -2.084296811453953069e+00 2.771323121839778025e+00 2.554642168478038933e+00 3.467708601483550090e+00 3.859190291072373213e+00 1.059135076833998212e+00
-1.880916953297190775e+00 -1.153874693701529397e+00 -8.777672628031774060e-01 1.793884836441324016e+00 -6.298725801721205997e+00 -4.550481848423071352e-02 -4.264078647763088981e+00 1.692144857571267869e+00 -2.872697413688294787e+00 -5.359101892881275475e+00
3.255295590579155851e-01 9.180598117705445205e-01 1.111296546758065551e+00 5.091660750529147350e+00 -5.698029482161192760e+00 1.618716094878691170e+00 -2.209490354788836708e+00 4.086255633812892363e+00 1.829873541993999764e+00 -2.481302354184202308e+00
1.239646364136359757e-02 -3.104116205931647166e+00 -5.717856083024773994e+00 -4.464045169218969988e+00 9.922260445988606570e-02 -3.451969501247702077e+00 -2.276854192625659135e+00 -2.952441827163287513e+00 -3.552877244517858024e+00 -1.455067156427140018e+00
-1.553801140724715868e+00 2.633391360968753148e-01 1.242985765314831292e+00 4.745028905196285507e+00 -6.896412762168790067e+00 3.266607608574175536e+00 -4.092283919803540115e+00 1.765248779920303601e+00 4.293454348633188866e-01 -2.606369075543622849e+00
2.015347913511401856e+00 1.764095831676623316e+00 2.887594880789670970e+00 -1.495199445871000510e-01 4.423663495776103183e+00 1.391638533308289905e+00 4.008715298720726850e+00 -1.410660633147118592e-01 2.586853199430857231e+00 2.267783523714047345e+00
-1.264963255694118383e+00 -4.870186545210706819e-01 6.524062817662530378e-01 4.255976850494126218e+00 -6.741845504442646408e+00 2.903726057329206078e+00 -3.853865920702297387e+00 1.479923575182214179e+00 -2.104923530029921608e+00 -4.019469360533823199e+00
-1.386469059591425301e+00 1.322759781818516611e-01 1.123016714591276832e+00 -3.867337219713464780e+00 6.423184697833625556e+00 -5.066847274720196470e-01 4.001743697515323106e+00 -1.633058690315802419e+00 2.178237818579716212e+00 1.518373038484650106e+00
9.146712592888448512e-01 -3.925932075736361604e+00 -3.654707595965435818e+00 -5.518054042212208188e+00 3.725606050636133038e+00 -2.080662098338452726e+00 6.182095036916874786e-01 -3.536217071001107382e+00 -3.468413793966117709e+00 7.579594570067584858e-01
2.004067493672727185e+00 1.598923441149541436e+00 3.031909842055947379e+00 6.916557226443226014e+00 1.654824531928999753e-01 4.727200488363641817e+00 -1.440390243826403793e+00 3.621106744131125321e+00 3.507270856661750535e+00 -1.522915106518398787e-01
2.300278050958131981e+00 2.409143568191695728e+00 5.321398220583904326e+00 5.761251157693465075e+00 -4.139090451028396345e+00 1.846444599904529360e+00 1.432813869635927162e+00 2.965347752015226490e+00 3.407031517068486615e+00 -8.903795780259491366e-01
5.282223900036470132e-01 -2.367535767359384202e+00 -3.663195479448388081e+00 -4.057897597870418593e+00 1.845668026299213782e+00 -2.412189546647311555e+00 1.503694056498632747e+00 -2.617159992559746851e+00 -2.149900551324706033e+00 -3.461043594508864674e-01
-5.098040785204804859e-01 9.449939337760104863e-01 -2.064846110103872423e+00 9.865320924346812070e-01 -6.739679653153253902e+00 -1.808987357980684774e-02 -5.425356050731960700e+00 1.541388855599387098e+00 -2.694338485474566891e+00 -1.911636708418817054e+00
3.040328796027709224e+00 9.755332017499986907e-01 1.016264799900435056e+00 -3.738585466639639865e+00 4.613141140566500376e+00 7.134777609289130185e-01 4.156463672045422442e+00 -1.072045078178118560e+00 1.091297437054711494e+00 3.684029611256727232e+00
1.670784398135251703e+00 9.173738417225240083e-01 3.874373454892138469e+00 -6.116101210547684186e-01 7.527899031007402542e+00 7.988883969437260424e-01 4.357543538954260498e+00 6.567248320699651254e-01 3.455480175013549093e+00 3.747426709832307079e+00
2.432131195290583303e+00 7.179607513195375157e-01 6.516827977609926936e-01 -1.962380782562387793e+00 6.306079090852503732e+00 -3.161304177456595310e-01 4.589193676517423270e+00 -2.637977012080712225e-01 2.092370838629961760e+00 3.912575867916815220e+00
-2.399878258960531086e-01 -1.920791267511740008e+00 -3.441286848703009937e+00 -5.717154982351792647e+00 5.455442749680087466e+00 -2.092617733039268124e+00 1.650765600809021016e+00 -3.178536373715934893e+00 -1.303416984573043447e+00 1.805698245923913703e+00
9.605873550156404095e-01 -3.772188064689675713e+00 -1.906045650722125284e+00 -6.949068436983283803e+00 3.390424864708311059e+00 -2.696240648080510560e+00 6.983060590697736103e-01 -2.844523971969081355e+00 -3.038365418695788911e+00 2.577160126946888230e+00
-1.608710394744552019e+00 -1.663285406178810266e+00 -5.285627845329570196e-01 2.551712115368179656e+00 -6.152366776542134374e+00 1.053083569829820210e-01 -3.923674684319648609e+00 2.312568650845226337e+00 -8.578981121260396137e-01 -2.873469114966470173e+00
3.031693611211683792e-01 3.474045439730784057e+00 3.792425087871808653e+00 5.880048611403858594e+00 -1.032690619285744571e+00 1.764569675681080696e+00 2.023887581904749489e+00 3.413971411117644905e+00 5.086692397225864859e+00 1.161617690193184727e+00
-3.431254781237144336e+00 -2.528330053547018785e+00 -4.448762944640612282e+00 -3.454289143836066778e+00 -3.735772213121163698e+00 -2.999892688933352147e-01 -2.008705870050689235e+00 -5.227865876701012215e-01 -2.590572049939861898e+00 -1.987794272594521683e+00
-1.224888935248273247e+00 -9.937705691713600853e-01 -4.868675688830485626e+00 -4.420357920234263105e+00 -1.491244104972449636e+00 -3.886049110524592010e-01 -3.749433591344113026e+00 -2.392311959836748159e+00 -3.884781607683336802e+00 -6.128374643625380536e-01
-2.977187615519329977e-01 3.619453150515206552e+00 3.638446982195302049e+00 6.289114139982602047e+00 -2.098260411950676474e+00 5.739716843475958008e+00 -1.250048828114974198e+00 3.225906998702112283e+00 3.094547441766517970e+00 -2.244579683989122110e+00
-2.686530437967146745e-01 -1.899891044418406283e+00 -3.999092472250241226e+00 -5.893169954245901287e+00 2.093969642997803415e+00 -2.812629954755980766e+00 2.762184249310713824e+00 -5.012553527192865843e+00 -2.234127484871735625e+00 2.785503272195220426e+00
9.880891354248584335e-01 -5.663740438618106054e+00 -4.370324570113244711e+00 -4.977200586379574077e+00 -1.017405598165451952e+00 -2.198688243540332099e+00 -2.175229610115471779e+00 -4.032047858557170628e+00 -5.025270755608867823e+00 -1.394200052074531904e+00
-3.052208978417199625e-01 -4.198960547854982295e+00 -4.354092495216130843e+00 -3.048107434186485776e+00 -1.748447739808057344e+00 -3.813228427291048828e+00 1.376959441563152531e-01 -3.812163666219904545e+00 -3.869164889029902632e+00 1.551484537074084846e-01
5.024758964260288563e-01 1.107489771504365894e+00 6.075703240549326978e+00 4.044420195306088317e+00 3.973961751413024768e+00 2.368999588321865524e+00 3.748702287764471119e+00 2.207809286078621369e-02 5.306355205126315866e+00 1.686588852768186708e+00
-1.319268018935943809e+00 -1.540594243318979206e+00 1.810395920664358560e-01 5.498654857874933022e+00 -7.227686461495760994e+00 1.675644187938993834e+00 -2.564400959334824481e+00 3.555702995277793654e+00 4.692777152303361232e-01 -2.659380105398818195e+00
-7.183566371675920159e-02 3.484472821825935540e+00 4.154339292084392454e+00 5.548596186613913517e+00 6.720059382232297374e-01 3.093195860347615511e+00 2.330484035935209253e+00 2.068363940487127461e+00 4.733286513013002406e+00 1.357484086314409311e+00
-6.655097879752144285e-01 -3.013346519510522459e+00 -5.091320378484406106e+00 -4.585954793151350017e+00 -3.175527838773146261e+00 -2.213916524796589513e+00 -3.412788044078793881e+00 -3.449624457606209837e+00 -6.574752565143628047e+00 -1.337771942022154104e+00
-1.292891295754077241e+00 6.516434520244920314e-01 7.727136227938049551e-01 7.224319056637099834e+00 -3.944465814991484187e+00 2.767381495137794634e+00 -3.148713327127103945e+00 3.222490876741494592e+00 2.143889449789866841e+00 -4.123131212485430019e+00
2.426850793236402293e+00 2.415987125783081169e+00 4.751326106971542451e+00 -2.499245200555677560e-01 5.371770379023542041e+00 -4.445384499291482605e-01 5.399863788068532067e+00 1.049325282701968565e+00 5.083362216544783152e+00 2.395017083647739575e+00
3.077848610346385350e-01 -8.493376660679785584e-02 1.181737485354394934e+00 -3.057509925827113229e+00 5.817461813492187162e+00 -6.935707177686677438e-01 4.979944464226973011e+00 -1.056870428360658920e+00 2.270051460175291247e+00 3.667564104391744628e+00
-1.806762889435197028e+00 -4.852189033347276137e-03 1.719407411505885719e+00 3.598385120829964201e+00 -5.852831736091597570e+00 3.906564402571762518e+00 -2.771299967002912812e+00 1.674121430278795453e+00 2.162736668248299132e+00 -3.288696202042178385e+00
2.030998329909127431e+00 4.083598849324088675e+00 3.219063118442141658e+00 2.185843169954065246e+00 2.645533753912099328e+00 2.719787196389013229e+00 3.861684242982687199e+00 3.536441931424742613e+00 4.015645795830072196e+00 1.242918289043132285e+00
3.535703986681347777e-01 1.980210864114697600e+00 4.713478623641568888e+00 3.195492183836162958e+00 7.775957804671134177e-01 3.287552508633272641e+00 1.057960611022434660e+00 2.956343507190983821e+00 6.063394516344518870e+00 1.949367498242919439e+00
1.846525606450222234e-02 3.023289635005959930e+00 2.486679914802148339e+00 1.234036251776341020e+00 6.289465234803778060e+00 1.848892811450106866e-01 5.304253834815289004e+00 -1.643436338855101542e-01 4.482037994760919908e+00 3.283697569951151696e+00
-1.824217212849617020e+00 -2.808662549282202381e+00 -4.621636325819336477e+00 -4.109630078766031147e+00 -2.359189708459474843e+00 -2.869560622520183735e+00 -2.939188803836358055e+00 -2.951605839278784060e+00 -4.989533112140693838e+00 -1.709300879347138480e+00
2.144802110602046952e+00 7.662215460088842023e-02 7.733896746315200854e-01 -4.580356472337665075e+00 6.192780484528700669e+00 1.903660089957750046e+00 4.891121939469555535e+00 -7.789633487421040448e-01 -6.806623251933929808e-01 3.862116847718171542e+00
3.469258387033466118e+00 1.872499698774261034e+00 5.386182939779663670e+00 3.514732246429788542e+00 3.005845455882723449e+00 4.858204875995775218e+00 3.335060276592990647e+00 8.910329993564558571e-01 3.659620189280216707e+00 3.524856643433794900e+00
6.518816874639282721e-01 2.287054220424740159e+00 5.146320777005404246e+00 3.254586352508584746e+00 2.350456426857268966e+00 2.693656098356636441e+00 2.567364153161272533e+00 3.775321319897581240e+00 4.229145685997041326e+00 1.381704493189789718e+00
-7.791939191128549602e-01 1.341499232763236016e+00 2.379750035962053367e+00 6.593167057016915855e+00 -4.744782968299545267e+00 2.351589410306382355e+00 -2.345919789206867723e+00 3.966803813670470191e+00 2.325416274371389758e+00 -3.212480689210178042e+00
1.368216323715496285e+00 -4.347881297970563885e-01 -3.752631456480129302e+00 -5.077752363879649344e+00 1.151152580875549836e+00 -4.620589215877697775e+00 -7.790400853068479847e-02 -2.543372036109061263e+00 -2.353471906819446513e+00 1.152956012914114092e+00
2.937816435799458503e-01 -3.836135096654818000e+00 -4.233835455362014777e+00 -3.148543190039626793e+00 -2.347687420496467503e+00 -1.389786956399256201e+00 -4.478392187857259898e+00 -2.883587431649626609e+00 -3.840562580723255515e+00 -4.424925669272919748e+00
1.591837126640982980e+00 3.564601036546892754e-01 1.271582892137743670e-01 -5.833549837593388077e+00 5.192404632149759891e+00 -9.843926577995127936e-01 4.905815159223910982e+00 -1.040685139202169207e+00 -7.582178162267726451e-01 3.624880218492225303e+00
-2.554416393330394275e-01 -2.287808939027817345e+00 -5.678783596971160641e+00 -5.474768176371583195e+00 1.998785333110836060e+00 -3.858505729687344399e+00 3.480755121365013416e-01 -2.178417450386556986e+00 -3.422562830531022282e+00 1.186943635830312038e+00
1.462990087056190491e+00 4.440889768980873953e+00 5.177642549074194633e+00 1.514460457219906742e+00 4.417533005486879105e+00 2.730508200975784838e+00 2.781373479090900158e+00 1.737860442824139318e+00 5.026792224409234677e+00 3.073165110927847721e+00
-1.268496038814737048e+00 -2.120137701427432741e+00 -5.212497022305845107e+00 -2.351417592731465334e+00 -3.013833214783931957e+00 -4.153354628737094600e+00 -3.040328642803296955e+00 -2.065080671654395239e+00 -5.644696926089643796e+00 -1.468476869244510707e+00
-8.103558869380959040e-01 -1.621558180557998163e+00 -1.121826900631636814e+00 -4.613784374209663142e+00 4.778078744511159215e+00 -2.864487507559819957e+00 4.255847628295304830e+00 -4.436778035858636393e+00 -9.497757598325783368e-01 5.771656257868422735e+00
-4.521648455091772378e-01 -5.124316232057891440e+00 -4.195754314130259566e+00 -2.771865429313505658e+00 -3.699817008196994550e+00 -3.653841906125315120e+00 -1.644257771273238689e+00 -2.381682965959583065e+00 -5.880580561940134565e+00 -3.443453698387854978e+00
-1.447755582830465571e+00 -3.951814899331781206e+00 -4.657866900753186101e+00 -3.394029826497834357e+00 -2.347627467188955208e+00 -3.829155223441633282e+00 -1.146607651471051037e+00 -3.122949320303806342e+00 -2.366297463321011652e+00 -5.408947440686261432e-01
-7.558692222570706498e-02 8.284965802326488271e-01 -2.112514409560036555e+00 3.010028878053807588e+00 -6.584554281361809203e+00 6.717692351956391361e-01 -2.958365099683833321e+00 2.117353250157379296e+00 -6.950127557711707205e-01 -4.803697792116984999e+00
-4.603571787068383436e-01 1.685433069992129163e+00 1.195914392677772664e+00 4.911418807078054449e+00 -5.398061617842436100e+00 1.423229834768438007e+00 -4.323180645484470119e+00 3.829825883223204386e+00 6.581803198778221065e-01 -3.459359899025685969e+00
-2.876608364119659367e-02 -2.750118056681180034e-01 1.480261209931914568e-01 -3.550538162181374524e+00 6.726490693360810624e+00 -2.339886891302229266e+00 4.035170826309065539e+00 -2.599574007759151595e+00 -4.943688934895638099e-01 3.963884899979732701e+00
1.868573423315956994e+00 3.299763776521260628e+00 4.801946064481909637e+00 2.926348497647539570e+00 3.585447723963659072e+00 2.804964411740775265e+00 4.101510039018348763e+00 1.071229713444687315e+00 4.406954937578506204e+00 1.699567565078676346e+00
-1.911863038492411793e+00 3.017601314385625066e-01 1.080186558672153740e+00 5.125075831069938914e+00 -7.661389696583599473e+00 1.282538788447058042e+00 -2.605960082473233186e+00 4.318106883542233376e+00 9.320656237252138432e-01 -2.028832222608275337e+00
-1.862524928857699713e+00 2.170015320951368398e+00 3.538617182038006348e+00 6.014413219195074767e+00 -4.596404962175768105e+00 3.505237694837815887e+00 -3.601570429919239480e+00 3.170702108561501475e+00 2.462445285419412766e+00 -2.017703967367376894e+00
-2.089456805415819129e-01 4.440686908910664865e-01 3.141831826689800433e+00 -1.016017447393255946e+00 5.280335349988914295e+00 4.171678263116641583e-01 6.233956809269391108e+00 2.818053275940006763e-01 2.207727832482798913e+00 4.276919535931975602e+00
8.760528754063596768e-01 1.041920692289243666e+00 -1.069090276422821617e+00 5.003701995071940800e+00 -6.629385877378201286e+00 6.382076475303709584e-01 -5.619896986511206727e+00 4.354898966652598347e-01 -1.120080249661290939e+00 -4.503455341213173924e+00
-2.097254544096291529e+00 -2.991268315680638779e+00 -6.453267740020176113e+00 -1.612876272152834689e+00 -4.960821924724067244e+00 -2.436563843508087412e+00 -3.547704536259651320e+00 -1.589024899189273032e+00 -3.677688151477058298e+00 -2.043838332996000151e+00
-1.060855972985707218e+00 -1.504883648611908153e+00 -4.458213648231573067e+00 -1.806805670128658559e+00 -2.996465709045835091e+00 -2.679982438533877520e+00 -4.471557848726352979e+00 1.000434873205712671e+00 -6.716767225436470312e+00 -3.008508666593104230e+00
7.026174973973160487e-01 -5.411655347953898687e-01 -3.307279518258934292e+00 -4.920146257493883013e+00 2.591474725512982857e+00 -2.346850002389260670e+00 1.653216637629786323e+00 -3.264475285683902772e+00 -4.908337729307687525e+00 5.864368902292913521e-01
